2058613038115123236
2056751005421686994
2025266735180341666
2058904697369415834
2057552699902550280
2055336953042612663
2057196787127996518
2057492988188651989
2059084611276407037
2039061014994391519
2057533880542847186
2057929800883245378
2053852656343388595
2058902794476630074
2057828044090343855
2057998471999680659
2027148878286397534
2054348353136185476
2057888866724458919
2058533032001196173
2057967191044116864
2057492537401573796
2056396407418818681
2057887985895444797
2058203087500681437
2059025872607223974
2058413116698870148
2057472727850635559
2056008134330556832
2058697050787655770
2058008005958857176
2046416852432142605
1164218121823096832
2058147404453429753
2057442756117557736
2058658791390871736
2057846538806673732
2058279247941152984
2057520972182225295
2058367384189104508
2059065081409798642
2057612589601800615
1927417133241176476
2051038099958890797
2057665786869600599
2058305526610432255
2056806222313988489
2056925542478123033
2058213360781431088
2056819614076617039
2057163042043912609
2041170625612399083
2058190797955023105
2057483161102057499
2056194704186765805
2057175738768396465
2059051717287678124
2057450850734285043
2055405995279401262
2059037557078290893
2057052261071614344
2058604308619276495
2058447809485934736
2054968482370924736
2058165722950291683
2058212728070717758
2052155388926017681
2053970382433014206
2055406400847896949
2057954103477608797
2058169272044491042
2057423039877267726
2051410497132454088
2057560167034593291
2058413797996413152
2058077364060373267
2058602706592301554
2056569136168239121
2055258872613323163
2059106145554288769
2058914735152939324
2058141058316255415
2053900139496927330
2057880287518892103
2058615190745391388
2056690759097520407
2055608011498958869
2057165521540284722
2057861159026294900
2057325597303456005
2056826824613564761
2054346019752554741
2058594211847369015
2057104719332421782
2058578031111745610
2057494279992324398
2052200233111552335
2052107981391569131
2058002039175627199
2058488702603550769
2053928031899484287
2058361265118925089
2054237230479118361
2057942840718639107
2054719341749281074
2057459115169882189
2055840494408655267
2052100362551578788
2055241764483596800
2058672655213953104
2058403241881203182
2057875849651605658
2055117106350371059
2058609389548822821
2058594916746305825
2058303885391827242
2049844980273893558
2053834199035998270
2058514757410295984
2057968861350109472
2058934758613123160
2056205086993338865
2057495246573838703
2056766079930695859
2052480998844334311
2058698295061426295
2058995323121398127
2057543578646360155
2057861545456185375
2055642289213444446
2058944194056421613
2057559698245623863
2057887733423485070
2058987798770651155
2055799661848596632
2056818111467098625
2058040217085366423
2057441511646560438
2057574738096984274
2053096098676294132
2052100954737016989
2057439389328777418
2055073298828988829
2058998580266799509
2053826266579493360
2058258812193345949
2057435540501234163
2058007618291933375
2057817628924682398
2057947905860788470
1792660691402322024
2054322496338358361
2058667277780681157
1993069957228511612
2057465183774126372
2059012034172272844
2057506976846729270
2056108872146858223
2056803793975615641
2058998896811262048
2056002506283491673
2058913861118345330
2039722064169365844
2058108688414462235
2057930896863371595
2058923321748566177
2058637749419172348
2055676706556400038
2058658852275446214
2054621025493479545
2054592846242390053
2058938080808091743
2055826422527066323
2059008100296982549
2058611731535204672
2058911009562128699
2057240433206370633
2054713518805450776
2058963538085888351
2057876532412993569
2057515180251136357
2057806322347753683
2054919667106603453
2054555968898253191
2055312661118681279
2058175255101776052
2057568402068087108
2059049624699056556
2058651632884146354
2059093109661655359
2055237223943938061
2058873155591012543
2059056404166557720
2058511518757462496
2057973098977095764
2057473225781604493
2030345733442842833
2059087020719280236
2058188596759130526
2059044073692909965